1645541824165
1645541828544
1645541833552
1645541838545
1645541843539
1645541848544
1645541853539
1645541858546
1645541863536
1645541868540
1645541873540
1645541878537
1645541883674
1645541888535
1645541893544
1645541898667
1645541903667
1645541908539
1645541913544
1645541918537
1645541923540
1645541928647
1645541933541
1645541938537
1645541943653
1645541948533
1645541953537
1645541958536
1645541963533
1645541968535
1645541973534
1645541978535
1645541983534
1645541988535
1645541993652
1645541998534
1645542003536
1645542008534
1645542013536
1645542018534
1645542023535
1645542028533
1645542033534
1645542038534
1645542043535
1645542048536
1645542053535
1645542058533
1645542063534
1645542068533
1645542073534
1645542078640
1645542083535
1645542088535
1645542093536
1645542098534
1645542103641
1645542108724
1645542113534
1645542926091
1645542931072
1645542936062
1645542941064
1645542946071
1645542951060
1645542956092
1645542961069
1645542966063
1645542971718
1645542976154
1645542981164
1645542986063
1645542991057
1645542996057
1645543001165
1645543006056
1645543011056
1645543016161
1645543021056
1645543026056
1645543031056
1645543036055
1645543041056
1645543046056
1645543051163
1645543056058
1645543061056
1645543066160
1645543071056
1645543076167
1645543081057
1645543086055
1645543091160
1645543096056
1645543101167
1645543106056
1645543111057
1645543116058
1645543121065
1645543126181
1645543131061
1645543136174
1645543141062
1645543146060
1645543151070
1645543156067
1645543161056
1645543166173
1645543171056
1645543176056
